%YAML:1.0
---
R: !!opencv-matrix
   rows: 3
   cols: 3
   dt: d
   data: [ 9.9926249029560554e-01, -1.1999216892283768e-02,
       -3.6475941142030260e-02, 1.0872695309321827e-02,
       9.9946250864896413e-01, -3.0926983393632347e-02,
       3.6827435220709775e-02, 3.0507582649093840e-02,
       9.9885585917887731e-01 ]
R: T
R: !!opencv-matrix
   rows: 3
   cols: 1
   dt: d
   data: [ -1.0542730892711472e+01, -5.6154386522713406e-01,
       -1.9350572481407355e-02 ]
R1: !!opencv-matrix
   rows: 3
   cols: 3
   dt: d
   data: [ 9.9849216053288459e-01, 4.1233237837535255e-02,
       -3.6238452668477361e-02, -4.1782499886816316e-02,
       9.9902103893290017e-01, -1.4532256281693481e-02,
       3.5603764654603916e-02, 1.6024477116644741e-02,
       9.9923750333719841e-01 ]
R1: R2
R1: !!opencv-matrix
   rows: 3
   cols: 3
   dt: d
   data: [ 9.9858282797735964e-01, 5.3188122382931316e-02,
       1.8328409961429898e-03, -5.3209077288993982e-02,
       9.9847922422313573e-01, 1.4423345271428172e-02,
       -1.0629030024852000e-03, -1.4500428688258850e-02,
       9.9989429831610899e-01 ]
P1: !!opencv-matrix
   rows: 3
   cols: 4
   dt: d
   data: [ 2.3383092890591979e+03, 0., 1.0595441714525223e+03, 0., 0.,
       2.3383092890591979e+03, 5.4370196789503098e+02, 0., 0., 0., 1.,
       0. ]
P1: P2
P1: !!opencv-matrix
   rows: 3
   cols: 4
   dt: d
   data: [ 2.3383092890591979e+03, 0., 1.0595441714525223e+03,
       -2.4687151518929906e+04, 0., 2.3383092890591979e+03,
       5.4370196789503098e+02, 0., 0., 0., 1., 0. ]
Q: !!opencv-matrix
   rows: 4
   cols: 4
   dt: d
   data: [ 1., 0., 0., -1.0595441714525223e+03, 0., 1., 0.,
       -5.4370196789503098e+02, 0., 0., 0., 2.3383092890591979e+03, 0.,
       0., 9.4717662637838193e-02, 0. ]
