%YAML:1.0
---
M1: !!opencv-matrix
   rows: 3
   cols: 3
   dt: d
   data: [ 2.7488353436798279e+03, 0., 9.6362779673945238e+02, 0.,
       2.6062335968262491e+03, 5.3925652554700844e+02, 0., 0., 1. ]
M1: D1
M1: !!opencv-matrix
   rows: 1
   cols: 14
   dt: d
   data: [ 3.4692060131471646e-03, -3.3419543547059818e+00, 0., 0., 0.,
       0., 0., -2.8807569742181407e+01, 0., 0., 0., 0., 0., 0. ]
M2: !!opencv-matrix
   rows: 3
   cols: 3
   dt: d
   data: [ 2.7488353436798279e+03, 0., 9.4861406024296116e+02, 0.,
       2.6062335968262491e+03, 5.3600284248720368e+02, 0., 0., 1. ]
M2: D2
M2: !!opencv-matrix
   rows: 1
   cols: 14
   dt: d
   data: [ 6.2531509182270739e-01, -2.1338604801156471e+01, 0., 0., 0.,
       0., 0., -2.1651256477923195e+02, 0., 0., 0., 0., 0., 0. ]
